  icycle     fobj1          gamma          res     grid points (start and end)
    1    -261.590667       4.545455      0.20000     20011   13
    2    -253.618116       3.787879      0.20000       102   13
    3    -240.637519       2.705628      0.20000       101   13
    4    -228.332799       2.705628      0.20000       100   14
    5    -228.237351       2.705628      0.20000       106   14
    6    -228.237351       2.705628      0.20000       108   14
    7    -227.320784       2.705628      0.10000       118   17
    8    -226.806765       2.576788      0.10000       137   17
    9    -226.357453       2.576788      0.10000       138   17
   10    -226.322656       2.576788      0.10000       141   17
   11    -226.322656       2.576788      0.10000       141   17
   12    -224.343991       2.544976      0.05000       145   18
   13    -224.240184       2.544976      0.05000       150   18
   14    -224.208036       2.513557      0.05000       150   18
   15    -224.170245       2.513557      0.05000       150   17
   16    -224.150467       2.513557      0.05000       143   17
   17    -224.135668       2.513557      0.05000       143   17
   18    -224.135668       2.513557      0.05000       142   17
   19    -223.363211       2.488670      0.02500       144   18
   20    -222.944225       2.488670      0.02500       152   18
   21    -222.792490       2.464030      0.02500       152   19
   22    -222.779410       2.464030      0.02500       156   19
   23    -222.773528       2.464030      0.02500       156   19
   24    -222.771307       2.464030      0.02500       156   19
   25    -222.771307       2.464030      0.02500       156   19
   26    -222.209172       2.464030      0.01250       163   18
   27    -221.983312       2.464030      0.01250       153   17
   28    -221.710807       2.439633      0.01250       144   19
   29    -221.518655       2.439633      0.01250       157   19
   30    -221.415256       2.439633      0.01250       157   19
   31    -221.368025       2.439633      0.01250       156   19
   32    -221.354606       2.439633      0.01250       156   19
   33    -221.342367       2.439633      0.01250       156   19
   34    -221.332584       2.439633      0.01250       155   19
   35    -221.254514       2.439633      0.01250       155   19
   36    -221.130275       2.439633      0.01250       155   19
   37    -221.072111       2.439633      0.01250       155   19
   38    -221.070739       2.439633      0.01250       155   19
   39    -221.069963       2.439633      0.01250       155   19
   40    -221.069786       2.439633      0.01250       155   19
   41    -221.068431       2.439633      0.01250       155   19
   42    -221.066092       2.439633      0.01250       155   19
   43    -221.064394       2.439633      0.01250       155   19
   44    -221.063340       2.439633      0.01250       155   19
   45    -221.062931       2.439633      0.01250       155   19
   46    -221.060690       2.439633      0.01250       155   19
   47    -221.058201       2.439633      0.01250       155   19
   48    -221.056398       2.439633      0.01250       155   19
   49    -221.055282       2.439633      0.01250       155   19
   50    -221.053851       2.439633      0.01250       155   19
   51    -221.050708       2.439633      0.01250       155   19
   52    -221.048291       2.439633      0.01250       155   19
   53    -221.046600       2.439633      0.01250       155   19
   54    -221.045082       2.439633      0.01250       155   19
   55    -221.041426       2.439633      0.01250       155   19
   56    -221.038531       2.439633      0.01250       155   19
   57    -221.036396       2.439633      0.01250       155   19
   58    -221.034046       2.439633      0.01250       155   19
   59    -221.030013       2.439633      0.01250       155   19
   60    -221.026772       2.439633      0.01250       155   19
   61    -221.024316       2.439633      0.01250       155   19
   62    -221.022356       2.439633      0.01250       155   19
   63    -221.017649       2.439633      0.01250       155   19
   64    -221.013897       2.439633      0.01250       155   19
   65    -221.010890       2.439633      0.01250       155   19
   66    -221.008614       2.439633      0.01250       155   19
   67    -221.007053       2.439633      0.01250       155   19
   68    -221.006186       2.439633      0.01250       155   19
   69    -221.005990       2.439633      0.01250       155   19
   70    -221.005990       2.439633      0.01250       155   19
   71    -220.832265       2.439633      0.00625       164   18
   72    -220.730745       2.439633      0.00625       153   18
   73    -220.688944       2.415478      0.00625       151   18
   74    -220.662403       2.415478      0.00625       151   18
   75    -220.619746       2.415478      0.00625       151   18
   76    -220.583992       2.415478      0.00625       151   18
   77    -220.553420       2.415478      0.00625       150   18
   78    -220.522203       2.415478      0.00625       150   18
   79    -220.495775       2.415478      0.00625       150   18
   80    -220.442017       2.415478      0.00625       150   18
   81    -220.373403       2.415478      0.00625       150   19
   82    -220.340114       2.415478      0.00625       156   19
   83    -220.258760       2.415478      0.00625       156   18
   84    -220.210992       2.415478      0.00625       150   18
   85    -220.201109       2.415478      0.00625       150   18
   86    -220.197762       2.415478      0.00625       150   18
   87    -220.181084       2.415478      0.00625       150   18
   88    -220.174949       2.415478      0.00625       150   18
   89    -220.169218       2.415478      0.00625       150   19
   90    -220.153286       2.415478      0.00625       156   19
   91    -220.144763       2.415478      0.00625       156   18
   92    -220.134594       2.415478      0.00625       150   18
   93    -220.123480       2.415478      0.00625       150   18
   94    -220.121981       2.415478      0.00625       150   18
   95    -220.112166       2.415478      0.00625       150   18
   96    -220.102593       2.415478      0.00625       150   18
   97    -220.102419       2.415478      0.00625       150   18
   98    -220.091260       2.415478      0.00625       150   18
   99    -220.082840       2.415478      0.00625       150   18
  100    -220.082840       2.415478      0.00625       150   18
