  icycle     fobj1          gamma          res     grid points (start and end)
    1    -262.437925       4.545455      0.20000     20011   12
    2    -254.445301       3.787879      0.20000        93   14
    3    -241.143382       2.705628      0.20000       105   14
    4    -227.684047       2.705628      0.20000       103   16
    5    -227.684047       2.705628      0.20000       114   16
    6    -227.255199       2.705628      0.10000       132   17
    7    -227.138580       2.705628      0.10000       131   16
    8    -227.082953       2.576788      0.10000       126   16
    9    -226.850655       2.576788      0.10000       126   16
   10    -226.849819       2.576788      0.10000       127   16
   11    -226.848496       2.576788      0.10000       127   16
   12    -226.830953       2.608998      0.10000       127   16
   13    -226.828339       2.608998      0.10000       127   16
   14    -225.176138       2.576788      0.05000       137   16
   15    -224.826432       2.513940      0.05000       131   16
   16    -224.749732       2.513940      0.05000       131   17
   17    -224.749732       2.513940      0.05000       138   17
   18    -223.927668       2.513940      0.02500       148   18
   19    -223.729669       2.513940      0.02500       151   18
   20    -223.644748       2.489049      0.02500       150   18
   21    -223.215402       2.489049      0.02500       150   17
   22    -223.172069       2.489049      0.02500       143   18
   23    -223.167648       2.489049      0.02500       150   18
   24    -223.166996       2.489049      0.02500       150   18
   25    -223.166996       2.489049      0.02500       150   18
   26    -222.759970       2.489049      0.01250       153   19
   27    -222.363539       2.464405      0.01250       157   18
   28    -221.986960       2.464405      0.01250       151   17
   29    -221.890591       2.464405      0.01250       141   19
   30    -221.838175       2.440005      0.01250       155   18
   31    -221.824140       2.440005      0.01250       148   18
   32    -221.814058       2.440005      0.01250       148   19
   33    -221.796321       2.440005      0.01250       155   18
   34    -221.788738       2.440005      0.01250       148   18
   35    -221.782704       2.440005      0.01250       148   19
   36    -221.771510       2.440005      0.01250       155   18
   37    -221.761404       2.440005      0.01250       148   18
   38    -221.753000       2.440005      0.01250       148   18
   39    -221.746387       2.440005      0.01250       148   18
   40    -221.741658       2.440005      0.01250       148   18
   41    -221.738909       2.440005      0.01250       148   18
   42    -221.731125       2.440005      0.01250       148   18
   43    -221.724377       2.440005      0.01250       148   18
   44    -221.719732       2.440005      0.01250       148   18
   45    -221.717292       2.440005      0.01250       148   18
   46    -221.717163       2.440005      0.01250       148   18
   47    -221.712598       2.440005      0.01250       148   18
   48    -221.708656       2.440005      0.01250       148   18
   49    -221.707197       2.440005      0.01250       148   18
   50    -221.707197       2.440005      0.01250       148   18
   51    -221.529408       2.440005      0.00625       153   17
   52    -221.327270       2.440005      0.00625       142   16
   53    -221.270390       2.440005      0.00625       135   17
   54    -221.176249       2.440005      0.00625       142   17
   55    -221.127588       2.440005      0.00625       142   16
   56    -221.079242       2.440005      0.00625       135   16
   57    -221.059068       2.415847      0.00625       135   18
   58    -220.959522       2.415847      0.00625       149   16
   59    -220.945856       2.415847      0.00625       135   17
   60    -220.891925       2.415847      0.00625       142   16
   61    -220.869079       2.415847      0.00625       135   17
   62    -220.837987       2.415847      0.00625       142   16
   63    -220.808696       2.415847      0.00625       135   17
   64    -220.777243       2.415847      0.00625       142   16
   65    -220.749066       2.415847      0.00625       135   16
   66    -220.729063       2.415847      0.00625       135   16
   67    -220.718135       2.415847      0.00625       135   16
   68    -220.715655       2.415847      0.00625       135   17
   69    -220.651735       2.415847      0.00625       142   16
   70    -220.641708       2.415847      0.00625       135   17
   71    -220.605112       2.415847      0.00625       142   16
   72    -220.585267       2.415847      0.00625       135   17
   73    -220.560192       2.415847      0.00625       142   17
   74    -220.537979       2.415847      0.00625       142   16
   75    -220.526096       2.415847      0.00625       135   16
   76    -220.525250       2.415847      0.00625       135   17
   77    -220.525038       2.415847      0.00625       142   17
   78    -220.524942       2.415847      0.00625       142   17
   79    -220.448708       2.415847      0.00313       146   17
   80    -220.389476       2.415847      0.00313       145   17
   81    -220.345991       2.415847      0.00313       144   16
   82    -220.321198       2.415847      0.00313       136   17
   83    -220.269351       2.415847      0.00313       143   16
   84    -220.231915       2.415847      0.00313       136   16
   85    -220.206737       2.415847      0.00313       136   17
   86    -220.167158       2.415847      0.00313       143   16
   87    -220.148551       2.415847      0.00313       136   16
   88    -220.130930       2.415847      0.00313       136   18
   89    -220.092822       2.415847      0.00313       150   17
   90    -220.061351       2.415847      0.00313       143   17
   91    -220.041955       2.415847      0.00313       142   17
   92    -220.024170       2.415847      0.00313       142   16
   93    -219.997724       2.415847      0.00313       135   16
   94    -219.981858       2.415847      0.00313       135   17
   95    -219.961709       2.415847      0.00313       142   17
   96    -219.931411       2.391927      0.00313       142   17
   97    -219.916778       2.391927      0.00313       142   18
   98    -219.894113       2.391927      0.00313       149   16
   99    -219.871064       2.391927      0.00313       135   16
  100    -219.857522       2.391927      0.00313       135   17
