DENSITY MAR_16 ... MADE BY BIG IT2B FOR NPAG
          -1
  1
          20
           4
Ka         
Ke         
V          
Tlag1      
           0

           0

   1.0000000000000000E-008   3.0329499444978993     
   1.0000000000000000E-008  0.12508852201309079     
   1.0000000000000000E-008   275.12372445413143     
   1.0000000000000000E-008   4.0070251748330916     


  100
  1
  1.0
   1.1249898134893581        2.0552651884312767E-002   76.532958849130708        1.6252316286028337       0.25451470885341865     
   1.3539792201201051        3.2512335090934194E-002   147.62211068425853       0.54231568530454122       0.25451470885341865     
   1.4046567613835728        4.5074371826644748E-002   99.936878338115179        2.0743359935919750       0.25451470885341865     
   1.1478180150405932        5.1887353548338629E-002   130.21332537602638       0.76542060336083140       0.25451470885341865     
   1.5835095211811687        4.3870586347336260E-002   167.30363062390893       0.84941260608023994       0.25451470885341865     
  0.99934462453038586        3.8983776628172762E-002   62.806712722194590        1.9385287248548912       0.25451470885341865     
  0.95562070185037706        4.8894720771748855E-002   59.626490634851663        2.0300000002181537       0.25451470885341865     
   1.0245103446129988        3.9204867470449274E-002   63.960525773816705        1.9820966285687780       0.25451470885341865     
   1.1404393429490176        4.1780635126790894E-002   105.96207645681496        1.2298871659397772       0.25451470885341865     
  0.85508933786491581        5.3727134581231260E-002   70.681070440190126        1.3074882676302926       0.25451470885341865     
  0.84434935711261949        6.2427141153869277E-002   80.823276109936174        1.4725842410418957       0.25451470885341865     
   1.3463699181844648        2.6239259775400550E-002   106.34443745434362        1.5923574406600474       0.25451470885341865     
  0.25781821192146764        7.4453935412104350E-002   39.261899440881059        1.6120381876868115       0.25451470885341865     
   1.0597687278145103        4.1832757429074677E-002   123.78657341206440       0.71684987137802525       0.25451470885341865     
   1.0527429660982435        3.1193939787640207E-002   79.295347504832705        1.4570727071390015       0.25451470885341865     
   1.1034385535812257        3.4413907817313134E-002   90.220967009685239        1.3772204464884399       0.25451470885341865     
  0.75130438871401795        7.0119345342576966E-002   67.554536919805855        1.1759345121053251       0.25451470885341865     
   1.0083311364073435        2.8273937046001851E-002   62.963365539788761        1.7907757398261845       0.25451470885341865     
  0.56730504976792229        6.2883302594018059E-002   30.618494484080124        1.9013134512305760       0.25451470885341865     
  0.71256908368326810        5.8071339274437687E-002   51.911782121831955        1.7500000004964447       0.25451470885341865     
