           1
REM_FRN MAR_16 ... made by it2branfix1.f
QMZJPZQX.CSV        
          20
          20
     1   -    20
     0
   1.0000000000000000E-008   3.0329499444978993     
   1.0000000000000000E-008  0.12508852201309079     
   1.0000000000000000E-008   275.12372445413143     
   1.0000000000000000E-008   4.0070251748330916     
           1
   2.3888237766405398     
   2.0000000000000000E-002   5.0000000000000003E-002  -2.0000000000000001E-004   0.0000000000000000     
           1
   1.0000000000000000     
