  icycle     fobj1          gamma          res     grid points (start and end)
    1    -261.559359       4.545455      0.20000     20011   15
    2    -253.719371       3.787879      0.20000       114   15
    3    -240.482955       2.705628      0.20000       113   14
    4    -227.565604       2.705628      0.20000       103   14
    5    -226.606265       2.705628      0.10000       113   16
    6    -225.959273       2.705628      0.10000       124   16
    7    -225.939034       2.459662      0.10000       123   16
    8    -225.894594       2.459662      0.10000       124   17
    9    -225.891154       2.459662      0.10000       133   17
   10    -225.891154       2.582645      0.10000       133   17
   11    -225.606290       2.582645      0.10000       133   17
   12    -223.570420       2.582645      0.05000       144   18
   13    -223.448674       2.519653      0.05000       145   18
   14    -223.389397       2.519653      0.05000       143   18
   15    -223.389397       2.519653      0.05000       144   18
   16    -222.936626       2.519653      0.02500       148   19
   17    -222.789489       2.519653      0.02500       152   18
   18    -222.486163       2.494706      0.02500       146   18
   19    -222.465186       2.494706      0.02500       145   18
   20    -222.459553       2.494706      0.02500       146   18
   21    -222.459553       2.494706      0.02500       146   18
   22    -221.811162       2.494706      0.01250       154   18
   23    -221.578842       2.470006      0.01250       151   19
   24    -221.387643       2.470006      0.01250       153   17
   25    -221.320832       2.470006      0.01250       141   19
   26    -221.278361       2.470006      0.01250       155   19
   27    -221.240794       2.470006      0.01250       155   19
   28    -221.206919       2.470006      0.01250       155   19
   29    -221.178570       2.470006      0.01250       155   19
   30    -221.154793       2.470006      0.01250       155   19
   31    -221.143136       2.470006      0.01250       155   19
   32    -221.136366       2.470006      0.01250       155   19
   33    -221.128352       2.470006      0.01250       155   19
   34    -221.118038       2.470006      0.01250       155   19
   35    -221.109082       2.470006      0.01250       155   19
   36    -221.102573       2.470006      0.01250       155   19
   37    -221.098678       2.470006      0.01250       155   19
   38    -221.095159       2.470006      0.01250       155   19
   39    -221.082793       2.445551      0.01250       155   19
   40    -221.079222       2.445551      0.01250       155   19
   41    -221.075320       2.445551      0.01250       155   19
   42    -221.068908       2.445551      0.01250       155   19
   43    -221.065130       2.445551      0.01250       155   19
   44    -221.064102       2.445551      0.01250       155   19
   45    -221.064102       2.445551      0.01250       155   19
   46    -220.736334       2.445551      0.00625       164   18
   47    -220.603208       2.445551      0.00625       152   16
   48    -220.552430       2.445551      0.00625       137   17
   49    -220.512831       2.445551      0.00625       144   16
   50    -220.438669       2.445551      0.00625       136   16
   51    -220.392492       2.445551      0.00625       136   17
   52    -220.369829       2.445551      0.00625       143   17
   53    -220.358134       2.445551      0.00625       143   17
   54    -220.316824       2.445551      0.00625       143   17
   55    -220.303213       2.445551      0.00625       143   17
   56    -220.281676       2.445551      0.00625       142   16
   57    -220.262935       2.445551      0.00625       135   16
   58    -220.258987       2.445551      0.00625       135   17
   59    -220.235117       2.445551      0.00625       142   17
   60    -220.227517       2.445551      0.00625       142   17
   61    -220.227403       2.445551      0.00625       142   17
   62    -220.227403       2.445551      0.00625       142   17
   63    -220.136418       2.445551      0.00313       148   18
   64    -220.040908       2.445551      0.00313       152   16
   65    -220.008864       2.445551      0.00313       138   17
   66    -219.978923       2.421337      0.00313       144   17
   67    -219.941966       2.421337      0.00313       144   16
   68    -219.902680       2.421337      0.00313       137   16
   69    -219.880754       2.421337      0.00313       137   18
   70    -219.843331       2.421337      0.00313       151   16
   71    -219.814159       2.421337      0.00313       137   17
   72    -219.796646       2.421337      0.00313       143   17
   73    -219.780851       2.421337      0.00313       143   17
   74    -219.754160       2.421337      0.00313       143   17
   75    -219.724128       2.421337      0.00313       143   17
   76    -219.703170       2.421337      0.00313       143   16
   77    -219.684959       2.421337      0.00313       136   16
   78    -219.679155       2.421337      0.00313       135   17
   79    -219.645611       2.421337      0.00313       141   17
   80    -219.620505       2.421337      0.00313       141   17
   81    -219.599187       2.421337      0.00313       141   17
   82    -219.586938       2.421337      0.00313       141   18
   83    -219.559416       2.421337      0.00313       148   17
   84    -219.532298       2.421337      0.00313       141   17
   85    -219.510113       2.421337      0.00313       141   17
   86    -219.500596       2.421337      0.00313       141   17
   87    -219.494131       2.421337      0.00313       141   18
   88    -219.468409       2.421337      0.00313       148   17
   89    -219.447154       2.421337      0.00313       141   16
   90    -219.432831       2.421337      0.00313       134   16
   91    -219.424478       2.421337      0.00313       134   17
   92    -219.402746       2.421337      0.00313       141   16
   93    -219.388821       2.421337      0.00313       134   16
   94    -219.375559       2.421337      0.00313       134   16
   95    -219.369167       2.421337      0.00313       134   17
   96    -219.349545       2.421337      0.00313       140   16
   97    -219.337557       2.421337      0.00313       133   17
   98    -219.326182       2.421337      0.00313       140   16
   99    -219.318188       2.421337      0.00313       133   17
  100    -219.300167       2.421337      0.00313       140   17
